---1
0 seconds 0 milliseconds
dir: 180.000000, type: 0
dir: 180.000000, type: 0
dir: 45.000000, type: 0
dir: 180.000000, type: 2
0.927083
0.802083
0.729167
0.729167
0.718750
0.718750
0.666667
0.656250
0.645833
0.645833
0.625000
0.614583
0.572917
0.375000
0.324074
0.263889
0.193866
0.164931
0.159144
0.000000
---10
0 seconds 1 milliseconds
dir: 180.000000, type: 0
dir: 180.000000, type: 0
dir: 45.000000, type: 0
dir: 180.000000, type: 2
0.927083
0.927083
0.927083
0.927083
0.927083
0.927083
0.927083
0.927083
0.895833
0.895833
0.895833
0.854167
0.854167
0.854167
0.854167
0.822917
0.802083
0.791667
0.750000
0.677083
---100
0 seconds 2 milliseconds
dir: 180.000000, type: 0
dir: 180.000000, type: 0
dir: 45.000000, type: 0
dir: 180.000000, type: 2
0.927083
0.927083
0.927083
0.927083
0.927083
0.927083
0.927083
0.927083
0.927083
0.927083
0.927083
0.927083
0.927083
0.927083
0.927083
0.854167
0.802083
0.802083
0.802083
0.000000
---1000
0 seconds 15 milliseconds
dir: 180.000000, type: 0
dir: 180.000000, type: 0
dir: 45.000000, type: 0
dir: 180.000000, type: 2
0.927083
0.927083
0.927083
0.927083
0.927083
0.927083
0.927083
0.927083
0.927083
0.927083
0.927083
0.927083
0.927083
0.927083
0.927083
0.927083
0.927083
0.854167
0.802083
0.802083
---10000
0 seconds 111 milliseconds
dir: 180.000000, type: 0
dir: 180.000000, type: 0
dir: 45.000000, type: 0
dir: 180.000000, type: 2
0.927083
0.927083
0.927083
0.927083
0.927083
0.927083
0.927083
0.927083
0.927083
0.927083
0.927083
0.927083
0.927083
0.927083
0.927083
0.927083
0.927083
0.927083
0.927083
0.854167
---100000
0 seconds 993 milliseconds
dir: 180.000000, type: 0
dir: 180.000000, type: 0
dir: 45.000000, type: 0
dir: 180.000000, type: 2
0.927083
0.927083
0.927083
0.927083
0.927083
0.927083
0.927083
0.927083
0.927083
0.927083
0.927083
0.927083
0.927083
0.927083
0.927083
0.927083
0.927083
0.854167
0.822917
0.000000
---1000000
9 seconds 608 milliseconds
dir: 180.000000, type: 0
dir: 180.000000, type: 0
dir: 45.000000, type: 0
dir: 180.000000, type: 2
0.927083
0.927083
0.927083
0.927083
0.927083
0.927083
0.927083
0.927083
0.927083
0.927083
0.927083
0.927083
0.927083
0.927083
0.927083
0.927083
0.927083
0.854167
0.388889
0.000000
