---0
0.617323
0.611998
0.545944
0.417106
0.318233
0.316668
0.284010
0.205179
0.205007
0.194870
0.119734
0.119734
0.106316
0.084870
0.000000
0.000000
0.000000
0.000000
0.000000
0.000000
---1
0.688094
0.617323
0.617323
0.617323
0.617323
0.617323
0.617323
0.617323
0.611998
0.555154
0.555154
0.545944
0.496840
0.417106
0.319960
0.084870
0.084870
0.000000
0.000000
0.000000
---2
0.731985
0.731985
0.731985
0.688094
0.688094
0.672910
0.672910
0.671848
0.637251
0.634489
0.537422
0.490997
0.457388
0.284010
0.267348
0.205179
0.205007
0.121991
0.000000
0.000000
---3
0.831887
0.831887
0.831887
0.831887
0.772145
0.763363
0.739165
0.731985
0.731985
0.731985
0.397808
0.395454
0.312642
0.284010
0.205179
0.205007
0.166098
0.123773
0.041585
0.000000
---4
0.871364
0.857676
0.831887
0.831887
0.831887
0.831887
0.831887
0.831887
0.831887
0.831887
0.499592
0.419905
0.312642
0.194870
0.194870
0.119734
0.000000
0.000000
0.000000
0.000000
---5
0.871364
0.871364
0.871364
0.871364
0.871364
0.871364
0.871364
0.857676
0.857676
0.857676
0.397808
0.284010
0.284010
0.275707
0.205179
0.194870
0.121991
0.084870
0.000000
0.000000
