44947014
25284015
22681473
28409117
31266292
26953047
33040615
31610286
34852496
26462231
43705246
39786777
43483525
42538661
42393569
39479306
37292639
39181469
31965780
36098091
33314292
31491666
30280412
30314659
26561944
26057965
22347816
21163569
17732185
17085587
15274085
13876051
11985887
11113489
9729523
8695990
7573038
6374524
5270015
4210555
4097182
3300182
2857807
2265076
2044988
1492765
1241781
1039402
753978
654281
554501
401823
299367
225270
163065
146063
84018
76407
51461
32211
27255
15286
14035
6501
4567
3524
1685
1286
468
364
180
104
20
12
8
0
0
0
0
0
0
0
0
0
0
0
0
0
0
0
0
0
0
0
0
0
0
0
0
0
0
