---1
0 seconds 0 milliseconds
0.526210
0.469846
0.466503
0.432758
0.393276
0.383628
0.350227
0.341484
0.312929
0.302309
0.296962
0.266452
0.235800
0.229132
0.226937
0.204222
0.177099
0.175271
0.100795
0.075857
---10
0 seconds 0 milliseconds
0.728641
0.712762
0.708715
0.702211
0.699194
0.699194
0.686905
0.686905
0.684416
0.672489
0.669484
0.658454
0.658170
0.653363
0.650744
0.647197
0.606291
0.552134
0.509456
0.403915
---100
0 seconds 5 milliseconds
0.880873
0.879766
0.879766
0.879766
0.879766
0.879766
0.879766
0.879766
0.879699
0.879699
0.871214
0.871214
0.871214
0.871214
0.871214
0.852541
0.821467
0.810758
0.780753
0.759536
---1000
0 seconds 61 milliseconds
0.920817
0.920817
0.920817
0.920817
0.920817
0.920817
0.920817
0.920817
0.920817
0.920817
0.920817
0.920817
0.920817
0.920817
0.920817
0.920817
0.892684
0.889770
0.881269
0.733178
---10000
0 seconds 499 milliseconds
0.920817
0.920817
0.920817
0.920817
0.920817
0.920817
0.920817
0.920817
0.920817
0.920817
0.920817
0.920817
0.920817
0.920817
0.920817
0.920817
0.920817
0.896157
0.883992
0.880657
---100000
5 seconds 111 milliseconds
0.920817
0.920817
0.920817
0.920817
0.920817
0.920817
0.920817
0.920817
0.920817
0.920817
0.920817
0.920817
0.920817
0.900604
0.882254
0.881269
0.847381
0.841755
0.829711
0.713556
---1000000
51 seconds 362 milliseconds
0.920817
0.920817
0.920817
0.920817
0.920817
0.920817
0.920817
0.920817
0.920817
0.920817
0.920817
0.920817
0.920817
0.920817
0.920817
0.920817
0.920817
0.886094
0.881269
0.878379
