---1
0 seconds 0 milliseconds
0.534286
0.517411
0.492877
0.474752
0.453417
0.391972
0.343347
0.342711
0.332418
0.309389
0.305289
0.257925
0.231819
0.225144
0.218302
0.188376
0.169378
0.151029
0.127025
0.122810
---10
0 seconds 0 milliseconds
0.764777
0.725733
0.705665
0.699164
0.694133
0.687002
0.673333
0.669914
0.661062
0.657398
0.652656
0.652656
0.641603
0.634371
0.620263
0.613720
0.611618
0.595452
0.585795
0.502690
---100
0 seconds 6 milliseconds
0.915333
0.915333
0.915333
0.915333
0.915333
0.915333
0.915333
0.915333
0.915333
0.915333
0.915333
0.915333
0.891871
0.891871
0.873101
0.852372
0.852267
0.849166
0.825841
0.810838
---1000
0 seconds 52 milliseconds
0.920817
0.920817
0.920817
0.920817
0.920817
0.920817
0.920817
0.920817
0.920817
0.920817
0.920817
0.920817
0.920817
0.920817
0.920817
0.920817
0.920817
0.896157
0.880880
0.879928
---10000
0 seconds 514 milliseconds
0.920817
0.920817
0.920817
0.920817
0.920817
0.920817
0.920817
0.920817
0.920817
0.920817
0.920817
0.920817
0.920817
0.920817
0.920817
0.920817
0.898163
0.881269
0.845937
0.826510
---100000
4 seconds 899 milliseconds
0.920817
0.920817
0.920817
0.920817
0.920817
0.920817
0.920817
0.920817
0.920817
0.920817
0.920817
0.920817
0.920817
0.920817
0.920817
0.907850
0.884972
0.852326
0.846606
0.841567
---1000000
48 seconds 416 milliseconds
0.920817
0.920817
0.920817
0.920817
0.920817
0.920817
0.920817
0.920817
0.920817
0.920817
0.920817
0.920817
0.920817
0.920817
0.920817
0.920817
0.891150
0.884097
0.881269
0.880880
