---1
0 seconds 0 milliseconds
0.647706
0.484434
0.413669
0.379297
0.345249
0.337348
0.318132
0.317837
0.292428
0.289896
0.248744
0.247794
0.244143
0.239552
0.189151
0.151235
0.149260
0.118293
0.094492
0.073177
---10
0 seconds 0 milliseconds
0.742399
0.705709
0.678883
0.666815
0.666285
0.664456
0.656940
0.652839
0.651880
0.647706
0.647706
0.647352
0.621837
0.619909
0.600848
0.590458
0.583014
0.579389
0.574688
0.505293
---100
0 seconds 6 milliseconds
0.910550
0.910550
0.910550
0.910550
0.910550
0.910550
0.910550
0.910550
0.910550
0.910550
0.910550
0.910550
0.910228
0.871244
0.869373
0.867523
0.847398
0.841557
0.796470
0.741918
---1000
0 seconds 54 milliseconds
0.920817
0.920817
0.920817
0.920817
0.920817
0.920817
0.920817
0.920817
0.920817
0.920817
0.920817
0.920817
0.920817
0.920817
0.920817
0.895600
0.887685
0.881269
0.878379
0.817617
---10000
0 seconds 513 milliseconds
0.920817
0.920817
0.920817
0.920817
0.920817
0.920817
0.920817
0.920817
0.920817
0.920817
0.920817
0.920817
0.920817
0.920817
0.920817
0.920817
0.920817
0.920817
0.920817
0.875590
---100000
4 seconds 883 milliseconds
0.920817
0.920817
0.920817
0.920817
0.920817
0.920817
0.920817
0.920817
0.920817
0.920817
0.920817
0.920817
0.920817
0.920817
0.920817
0.920817
0.920817
0.920817
0.889793
0.830274
---1000000
49 seconds 603 milliseconds
0.920817
0.920817
0.920817
0.920817
0.920817
0.920817
0.920817
0.920817
0.920817
0.920817
0.920817
0.920817
0.920817
0.920817
0.920817
0.920817
0.920817
0.920432
0.910228
0.841072
