a 80 80
a 200 40
a 300 40
a 400 40
a 550 100
a 300 120
a 340 180
a 640 200
a 260 220
a 440 220
a 20 240
a 660 300
a 200 420
a 240 420
a 280 420
a 320 420
a 360 420
a 100 440
a 595 495
a 469 540
a 640 160
c 155 355
c 360 315
c 485 255
c 205 255
c 195 135
c 485 145
c 400 595
c 395 495
c 5 105
c 100 5
c 695 185
c 405 365
c 695 400
o 160 500 400 500
o 200 140 480 140
o 160 360 160 500
o 200 140 200 260
o 400 360 400 500
o 480 140 480 260
o 500 0 500 100
o 600 180 700 180
o 240 320 400 320
o 100 0 0 100
o 100 0 600 0
o 600 0 700 100
o 700 100 700 400
o 700 400 500 600
o 500 600 320 600
o 320 600 400 500
o 160 500 100 500
o 100 500 0 400
o 0 400 0 100
t 90 1000 30 100
t 60 700 40 100
t 90 1200 10 150
