---1
0 seconds 0 milliseconds
dir: 45.000000, type: 3
dir: 0.000000, type: 2
dir: -90.000000, type: 0
dir: -135.000000, type: 0
0.580414
0.555778
0.549192
0.514285
0.511938
0.476042
0.433366
0.338421
0.248420
0.173899
0.168390
0.093260
0.091798
0.051851
0.000000
0.000000
0.000000
0.000000
0.000000
0.000000
---10
0 seconds 0 milliseconds
dir: 45.000000, type: 3
dir: -90.000000, type: 0
dir: -45.000000, type: 3
dir: 180.000000, type: 0
0.683661
0.683661
0.657814
0.657814
0.657814
0.657814
0.657814
0.657814
0.657814
0.647221
0.647221
0.647221
0.640246
0.636404
0.636404
0.636404
0.608691
0.580414
0.573904
0.538542
---100
0 seconds 2 milliseconds
dir: 45.000000, type: 3
dir: -90.000000, type: 0
dir: -45.000000, type: 3
dir: 180.000000, type: 0
0.683661
0.683661
0.683661
0.683661
0.683661
0.683661
0.683661
0.683661
0.683661
0.683661
0.683661
0.683661
0.683661
0.683661
0.683661
0.683661
0.683661
0.683661
0.683661
0.683661
---1000
0 seconds 23 milliseconds
dir: 45.000000, type: 3
dir: 135.000000, type: 3
dir: -45.000000, type: 3
dir: 180.000000, type: 0
0.728443
0.728443
0.728443
0.728443
0.728443
0.728443
0.728443
0.728443
0.728443
0.728443
0.728443
0.728443
0.728443
0.728443
0.728443
0.728443
0.728443
0.728443
0.728443
0.704828
---10000
0 seconds 263 milliseconds
dir: 45.000000, type: 3
dir: 135.000000, type: 3
dir: -45.000000, type: 3
dir: 180.000000, type: 0
0.728443
0.728443
0.728443
0.728443
0.728443
0.728443
0.728443
0.728443
0.728443
0.728443
0.728443
0.728443
0.728443
0.728443
0.728443
0.728443
0.728443
0.728443
0.642328
0.642328
---100000
2 seconds 608 milliseconds
dir: 45.000000, type: 3
dir: 135.000000, type: 3
dir: -45.000000, type: 3
dir: 180.000000, type: 0
0.728443
0.728443
0.728443
0.728443
0.728443
0.728443
0.728443
0.728443
0.728443
0.728443
0.728443
0.728443
0.728443
0.728443
0.728443
0.728443
0.728443
0.728443
0.728443
0.728443
---1000000
25 seconds 650 milliseconds
dir: 45.000000, type: 3
dir: 135.000000, type: 3
dir: -45.000000, type: 3
dir: 180.000000, type: 0
0.728443
0.728443
0.728443
0.728443
0.728443
0.728443
0.728443
0.728443
0.728443
0.728443
0.728443
0.728443
0.728443
0.728443
0.728443
0.728443
0.728443
0.728443
0.682082
0.627672
