---1
0 seconds 0 milliseconds
dir: -45.000000, type: 1
dir: 180.000000, type: 3
dir: -90.000000, type: 1
dir: -135.000000, type: 2
0.421877
0.397808
0.397808
0.397808
0.288945
0.249129
0.193353
0.184787
0.150191
0.134119
0.094804
0.065323
0.047603
0.033076
0.033076
0.024258
0.000000
0.000000
0.000000
0.000000
---10
0 seconds 0 milliseconds
dir: 45.000000, type: 3
dir: 180.000000, type: 3
dir: -45.000000, type: 1
dir: -135.000000, type: 3
0.713412
0.713412
0.713412
0.691074
0.663418
0.630992
0.630992
0.630992
0.630992
0.630992
0.630992
0.630992
0.630992
0.630992
0.628106
0.595714
0.500176
0.500176
0.500176
0.473356
---100
0 seconds 2 milliseconds
dir: 45.000000, type: 3
dir: 135.000000, type: 3
dir: -90.000000, type: 3
dir: -135.000000, type: 3
0.825374
0.825374
0.825374
0.825374
0.825374
0.825374
0.825374
0.825374
0.825374
0.825374
0.825374
0.825374
0.825374
0.825374
0.825374
0.825374
0.825113
0.825113
0.825113
0.756988
---1000
0 seconds 32 milliseconds
dir: 45.000000, type: 3
dir: 135.000000, type: 3
dir: -45.000000, type: 3
dir: -135.000000, type: 3
0.871364
0.871364
0.871364
0.871364
0.871364
0.871364
0.871364
0.871364
0.871364
0.871364
0.871364
0.871364
0.871364
0.871364
0.871364
0.871364
0.871364
0.871364
0.871364
0.831887
---10000
0 seconds 283 milliseconds
dir: 45.000000, type: 3
dir: 135.000000, type: 3
dir: -45.000000, type: 3
dir: -135.000000, type: 3
0.871364
0.871364
0.871364
0.871364
0.871364
0.871364
0.871364
0.871364
0.871364
0.871364
0.871364
0.871364
0.871364
0.871364
0.871364
0.831887
0.831887
0.763363
0.763363
0.688094
---100000
2 seconds 497 milliseconds
dir: 45.000000, type: 3
dir: 135.000000, type: 3
dir: -45.000000, type: 3
dir: -135.000000, type: 3
0.871364
0.871364
0.871364
0.871364
0.871364
0.871364
0.871364
0.871364
0.871364
0.871364
0.871364
0.871364
0.871364
0.871364
0.871364
0.871364
0.871364
0.871364
0.756988
0.756988
---1000000
24 seconds 714 milliseconds
dir: 45.000000, type: 3
dir: 135.000000, type: 3
dir: -45.000000, type: 3
dir: -135.000000, type: 3
0.871364
0.871364
0.871364
0.871364
0.871364
0.871364
0.871364
0.871364
0.871364
0.871364
0.871364
0.871364
0.871364
0.871364
0.871364
0.871364
0.871364
0.871364
0.871364
0.871364
