---1
0 seconds 0 milliseconds
dir: 45.000000, type: 1
dir: -45.000000, type: 0
dir: -90.000000, type: 2
dir: 0.000000, type: 0
0.822917
0.729167
0.666667
0.645833
0.625000
0.593750
0.520833
0.365741
0.351852
0.291667
0.273148
0.259259
0.222222
0.215278
0.035880
0.000000
0.000000
0.000000
0.000000
0.000000
---10
0 seconds 0 milliseconds
dir: 45.000000, type: 1
dir: -45.000000, type: 0
dir: -90.000000, type: 2
dir: 0.000000, type: 0
0.822917
0.822917
0.822917
0.822917
0.822917
0.822917
0.822917
0.822917
0.822917
0.822917
0.822917
0.791667
0.791667
0.718750
0.697917
0.697917
0.697917
0.697917
0.379630
0.365741
---100
0 seconds 1 milliseconds
dir: 180.000000, type: 2
dir: -45.000000, type: 0
dir: 45.000000, type: 0
dir: 0.000000, type: 0
0.927083
0.927083
0.927083
0.927083
0.927083
0.927083
0.927083
0.927083
0.927083
0.927083
0.927083
0.927083
0.927083
0.927083
0.927083
0.927083
0.927083
0.927083
0.154514
0.000000
---1000
0 seconds 10 milliseconds
dir: 180.000000, type: 2
dir: -45.000000, type: 0
dir: 45.000000, type: 0
dir: 0.000000, type: 0
0.927083
0.927083
0.927083
0.927083
0.927083
0.927083
0.927083
0.927083
0.927083
0.927083
0.927083
0.927083
0.927083
0.927083
0.927083
0.927083
0.927083
0.927083
0.927083
0.822917
---10000
0 seconds 97 milliseconds
dir: 180.000000, type: 2
dir: -45.000000, type: 0
dir: 45.000000, type: 0
dir: 0.000000, type: 0
0.927083
0.927083
0.927083
0.927083
0.927083
0.927083
0.927083
0.927083
0.927083
0.927083
0.927083
0.927083
0.927083
0.927083
0.927083
0.927083
0.927083
0.927083
0.927083
0.781250
---100000
0 seconds 849 milliseconds
dir: 180.000000, type: 2
dir: -45.000000, type: 0
dir: 45.000000, type: 0
dir: 0.000000, type: 0
0.927083
0.927083
0.927083
0.927083
0.927083
0.927083
0.927083
0.927083
0.927083
0.927083
0.927083
0.927083
0.927083
0.927083
0.927083
0.927083
0.927083
0.927083
0.802083
0.677083
---1000000
8 seconds 352 milliseconds
dir: 180.000000, type: 2
dir: -45.000000, type: 0
dir: 45.000000, type: 0
dir: 0.000000, type: 0
0.927083
0.927083
0.927083
0.927083
0.927083
0.927083
0.927083
0.927083
0.927083
0.927083
0.927083
0.927083
0.927083
0.927083
0.927083
0.927083
0.875000
0.822917
0.000000
0.000000
