---1
0 seconds 0 milliseconds
dir: 90.000000, type: 3
dir: 45.000000, type: 0
dir: -90.000000, type: 1
dir: 180.000000, type: 0
0.750000
0.750000
0.750000
0.625000
0.625000
0.625000
0.625000
0.625000
0.625000
0.500000
0.500000
0.500000
0.500000
0.500000
0.500000
0.333333
0.291667
0.222222
0.111111
0.000000
---10
0 seconds 0 milliseconds
dir: -135.000000, type: 0
dir: 45.000000, type: 0
dir: -45.000000, type: 1
dir: 180.000000, type: 0
0.875000
0.875000
0.875000
0.875000
0.875000
0.875000
0.875000
0.875000
0.875000
0.750000
0.750000
0.750000
0.750000
0.750000
0.750000
0.625000
0.625000
0.625000
0.500000
0.243056
---100
0 seconds 1 milliseconds
dir: -135.000000, type: 0
dir: 45.000000, type: 0
dir: -45.000000, type: 1
dir: 180.000000, type: 0
0.875000
0.875000
0.875000
0.875000
0.875000
0.875000
0.875000
0.875000
0.875000
0.875000
0.875000
0.875000
0.875000
0.875000
0.750000
0.750000
0.750000
0.750000
0.000000
0.000000
---1000
0 seconds 13 milliseconds
dir: -135.000000, type: 0
dir: 45.000000, type: 0
dir: -45.000000, type: 1
dir: 180.000000, type: 0
0.875000
0.875000
0.875000
0.875000
0.875000
0.875000
0.875000
0.875000
0.875000
0.875000
0.875000
0.875000
0.875000
0.875000
0.875000
0.875000
0.875000
0.875000
0.875000
0.875000
---10000
0 seconds 105 milliseconds
dir: -135.000000, type: 0
dir: 45.000000, type: 0
dir: -45.000000, type: 1
dir: 180.000000, type: 0
0.875000
0.875000
0.875000
0.875000
0.875000
0.875000
0.875000
0.875000
0.875000
0.875000
0.875000
0.875000
0.875000
0.875000
0.875000
0.875000
0.750000
0.750000
0.750000
0.000000
---100000
0 seconds 945 milliseconds
dir: -135.000000, type: 0
dir: 45.000000, type: 0
dir: -45.000000, type: 1
dir: 180.000000, type: 0
0.875000
0.875000
0.875000
0.875000
0.875000
0.875000
0.875000
0.875000
0.875000
0.875000
0.875000
0.875000
0.875000
0.875000
0.750000
0.750000
0.750000
0.437500
0.000000
0.000000
---1000000
9 seconds 118 milliseconds
dir: -135.000000, type: 0
dir: 45.000000, type: 0
dir: -45.000000, type: 1
dir: 180.000000, type: 0
0.875000
0.875000
0.875000
0.875000
0.875000
0.875000
0.875000
0.875000
0.875000
0.875000
0.875000
0.875000
0.875000
0.875000
0.875000
0.875000
0.875000
0.750000
0.750000
0.750000
