---1
0 seconds 0 milliseconds
dir: 45.000000, type: 2
dir: 45.000000, type: 0
dir: -45.000000, type: 3
dir: -135.000000, type: 3
0.613621
0.565402
0.556273
0.510467
0.434586
0.422956
0.415143
0.406982
0.397963
0.220066
0.127220
0.107438
0.044906
0.038251
0.018707
0.000000
0.000000
0.000000
0.000000
0.000000
---10
0 seconds 1 milliseconds
dir: 45.000000, type: 2
dir: 45.000000, type: 0
dir: -45.000000, type: 3
dir: 180.000000, type: 0
0.631467
0.631467
0.631467
0.613621
0.613621
0.613621
0.613621
0.613621
0.613621
0.613621
0.613621
0.613621
0.613621
0.613621
0.613621
0.613621
0.613621
0.613621
0.587317
0.571571
---100
0 seconds 3 milliseconds
dir: -135.000000, type: 0
dir: 135.000000, type: 3
dir: -45.000000, type: 3
dir: 180.000000, type: 0
0.728176
0.728176
0.728176
0.728176
0.728176
0.728176
0.728176
0.728176
0.728176
0.728176
0.728176
0.728176
0.728176
0.728176
0.728176
0.728176
0.728176
0.714763
0.714763
0.694182
---1000
0 seconds 26 milliseconds
dir: 45.000000, type: 3
dir: 135.000000, type: 3
dir: -45.000000, type: 3
dir: 180.000000, type: 0
0.728443
0.728443
0.728443
0.728443
0.728443
0.728443
0.728443
0.728443
0.728443
0.728443
0.728443
0.728443
0.728443
0.728443
0.728443
0.728443
0.728443
0.728443
0.728443
0.728176
---10000
0 seconds 221 milliseconds
dir: 45.000000, type: 3
dir: 135.000000, type: 3
dir: -45.000000, type: 3
dir: 180.000000, type: 0
0.728443
0.728443
0.728443
0.728443
0.728443
0.728443
0.728443
0.728443
0.728443
0.728443
0.728443
0.728443
0.728443
0.728443
0.728443
0.728443
0.704828
0.665943
0.621161
0.609686
---100000
2 seconds 111 milliseconds
dir: 45.000000, type: 3
dir: 135.000000, type: 3
dir: -45.000000, type: 3
dir: 180.000000, type: 0
0.728443
0.728443
0.728443
0.728443
0.728443
0.728443
0.728443
0.728443
0.728443
0.728443
0.728443
0.728443
0.728443
0.728443
0.728443
0.728443
0.663657
0.648838
0.648838
0.642328
---1000000
20 seconds 593 milliseconds
dir: 45.000000, type: 3
dir: 135.000000, type: 3
dir: -45.000000, type: 3
dir: 180.000000, type: 0
0.728443
0.728443
0.728443
0.728443
0.728443
0.728443
0.728443
0.728443
0.728443
0.728443
0.728443
0.728443
0.728443
0.728443
0.698671
0.698671
0.685682
0.668548
0.668548
0.461015
