---1
0 seconds 0 milliseconds
dir: 0.000000, type: 3
dir: 180.000000, type: 2
dir: -45.000000, type: 3
dir: -45.000000, type: 1
0.664287
0.650990
0.626297
0.601421
0.557288
0.496840
0.381700
0.255478
0.243745
0.200225
0.189355
0.166098
0.095233
0.079003
0.061421
0.000000
0.000000
0.000000
0.000000
0.000000
---10
0 seconds 0 milliseconds
dir: 45.000000, type: 3
dir: 180.000000, type: 3
dir: -90.000000, type: 1
dir: 180.000000, type: 3
0.804673
0.804673
0.804673
0.804673
0.804673
0.804673
0.804673
0.804673
0.804673
0.804673
0.804673
0.804673
0.804673
0.804673
0.804673
0.682384
0.682384
0.682384
0.659655
0.593416
---100
0 seconds 3 milliseconds
dir: 45.000000, type: 3
dir: 180.000000, type: 3
dir: -45.000000, type: 3
dir: 180.000000, type: 3
0.871364
0.871364
0.871364
0.871364
0.871364
0.871364
0.871364
0.871364
0.871364
0.871364
0.871364
0.871364
0.871364
0.871364
0.871364
0.871364
0.871364
0.831887
0.786766
0.744993
---1000
0 seconds 31 milliseconds
dir: 45.000000, type: 3
dir: 180.000000, type: 3
dir: -45.000000, type: 3
dir: 180.000000, type: 3
0.871364
0.871364
0.871364
0.871364
0.871364
0.871364
0.871364
0.871364
0.871364
0.871364
0.871364
0.871364
0.871364
0.871364
0.871364
0.871364
0.871364
0.871364
0.688094
0.617323
---10000
0 seconds 263 milliseconds
dir: 45.000000, type: 3
dir: 180.000000, type: 3
dir: -45.000000, type: 3
dir: 180.000000, type: 3
0.871364
0.871364
0.871364
0.871364
0.871364
0.871364
0.871364
0.871364
0.871364
0.871364
0.871364
0.871364
0.871364
0.871364
0.871364
0.871364
0.871364
0.831887
0.763363
0.688094
---100000
2 seconds 462 milliseconds
dir: 45.000000, type: 3
dir: 180.000000, type: 3
dir: -45.000000, type: 3
dir: 180.000000, type: 3
0.871364
0.871364
0.871364
0.871364
0.871364
0.871364
0.871364
0.871364
0.871364
0.871364
0.871364
0.871364
0.871364
0.871364
0.871364
0.871364
0.871364
0.871364
0.844739
0.688094
---1000000
24 seconds 655 milliseconds
dir: 45.000000, type: 3
dir: 180.000000, type: 3
dir: -45.000000, type: 3
dir: 180.000000, type: 3
0.871364
0.871364
0.871364
0.871364
0.871364
0.871364
0.871364
0.871364
0.871364
0.871364
0.871364
0.871364
0.871364
0.871364
0.871364
0.871364
0.871364
0.857676
0.857676
0.763363
