---1
0 seconds 0 milliseconds
0.621674
0.560213
0.467312
0.408964
0.317708
0.316668
0.284010
0.205007
0.194870
0.174429
0.166098
0.166098
0.130986
0.119844
0.106316
0.079003
0.076698
0.035112
0.000000
0.000000
---10
0 seconds 0 milliseconds
0.686520
0.682384
0.621674
0.621674
0.621674
0.621674
0.621674
0.621674
0.621674
0.621674
0.621674
0.621674
0.621674
0.621674
0.621674
0.621674
0.621674
0.621674
0.621674
0.621674
---100
0 seconds 3 milliseconds
0.871364
0.871364
0.871364
0.871364
0.871364
0.871364
0.871364
0.871364
0.871364
0.871364
0.871364
0.871364
0.871364
0.871364
0.871364
0.871364
0.871364
0.871364
0.845217
0.845217
---1000
0 seconds 30 milliseconds
0.871364
0.871364
0.871364
0.871364
0.871364
0.871364
0.871364
0.871364
0.871364
0.871364
0.871364
0.871364
0.871364
0.871364
0.871364
0.871364
0.871364
0.871364
0.871364
0.786766
---10000
0 seconds 249 milliseconds
0.871364
0.871364
0.871364
0.871364
0.871364
0.871364
0.871364
0.871364
0.871364
0.871364
0.871364
0.871364
0.871364
0.871364
0.871364
0.871364
0.871364
0.871364
0.871364
0.688094
---100000
2 seconds 519 milliseconds
0.871364
0.871364
0.871364
0.871364
0.871364
0.871364
0.871364
0.871364
0.871364
0.871364
0.871364
0.871364
0.871364
0.871364
0.871364
0.871364
0.871364
0.831887
0.786766
0.621674
---1000000
24 seconds 638 milliseconds
0.871364
0.871364
0.871364
0.871364
0.871364
0.871364
0.871364
0.871364
0.871364
0.871364
0.871364
0.871364
0.871364
0.871364
0.871364
0.871364
0.871364
0.871364
0.763363
0.732098
