---1
0 seconds 0 milliseconds
dir: 180.000000, type: 3
dir: 135.000000, type: 3
dir: -135.000000, type: 2
dir: 180.000000, type: 1
0.719550
0.596033
0.430200
0.388030
0.328268
0.316668
0.284010
0.255478
0.166098
0.154846
0.130986
0.119844
0.119734
0.095233
0.079003
0.041585
0.023935
0.000000
0.000000
0.000000
---10
0 seconds 0 milliseconds
dir: 180.000000, type: 3
dir: 135.000000, type: 3
dir: 180.000000, type: 2
dir: 180.000000, type: 1
0.803697
0.803697
0.803697
0.799109
0.767135
0.767135
0.767135
0.767135
0.767135
0.767135
0.767135
0.767135
0.767135
0.767135
0.767135
0.767135
0.767135
0.767135
0.767135
0.530025
---100
0 seconds 3 milliseconds
dir: 180.000000, type: 3
dir: 135.000000, type: 3
dir: -45.000000, type: 3
dir: 180.000000, type: 3
0.871364
0.871364
0.871364
0.871364
0.871364
0.871364
0.871364
0.871364
0.871364
0.871364
0.871364
0.871364
0.871364
0.871364
0.871364
0.871364
0.763363
0.756988
0.688094
0.621674
---1000
0 seconds 34 milliseconds
dir: 180.000000, type: 3
dir: 135.000000, type: 3
dir: -45.000000, type: 3
dir: 180.000000, type: 3
0.871364
0.871364
0.871364
0.871364
0.871364
0.871364
0.871364
0.871364
0.871364
0.871364
0.871364
0.871364
0.871364
0.871364
0.871364
0.857676
0.857676
0.825113
0.777428
0.559760
---10000
0 seconds 275 milliseconds
dir: 180.000000, type: 3
dir: 135.000000, type: 3
dir: -45.000000, type: 3
dir: 180.000000, type: 3
0.871364
0.871364
0.871364
0.871364
0.871364
0.871364
0.871364
0.871364
0.871364
0.871364
0.871364
0.871364
0.871364
0.871364
0.871364
0.871364
0.871364
0.871364
0.871364
0.845217
---100000
2 seconds 508 milliseconds
dir: 180.000000, type: 3
dir: 135.000000, type: 3
dir: -45.000000, type: 3
dir: 180.000000, type: 3
0.871364
0.871364
0.871364
0.871364
0.871364
0.871364
0.871364
0.871364
0.871364
0.871364
0.871364
0.871364
0.871364
0.871364
0.871364
0.871364
0.871364
0.871364
0.871364
0.871364
---1000000
24 seconds 876 milliseconds
dir: 180.000000, type: 3
dir: 135.000000, type: 3
dir: -45.000000, type: 3
dir: 180.000000, type: 3
0.871364
0.871364
0.871364
0.871364
0.871364
0.871364
0.871364
0.871364
0.871364
0.871364
0.871364
0.871364
0.871364
0.871364
0.871364
0.871364
0.871364
0.845217
0.845217
0.454069
