---1
0 seconds 0 milliseconds
0.672355
0.664711
0.559792
0.523255
0.499913
0.441467
0.326199
0.310903
0.284010
0.277964
0.166098
0.134342
0.099229
0.061421
0.053215
0.000000
0.000000
0.000000
0.000000
0.000000
---10
0 seconds 0 milliseconds
0.831656
0.831656
0.831656
0.831656
0.819513
0.808018
0.795503
0.795503
0.795503
0.776685
0.776685
0.776685
0.776685
0.776685
0.776685
0.765522
0.749002
0.733347
0.696898
0.544438
---100
0 seconds 2 milliseconds
0.845217
0.845217
0.845217
0.845217
0.845217
0.845217
0.845217
0.845217
0.845217
0.845217
0.845217
0.845217
0.845217
0.845217
0.845217
0.845217
0.845217
0.845217
0.799319
0.763363
---1000
0 seconds 31 milliseconds
0.871364
0.871364
0.871364
0.871364
0.871364
0.871364
0.871364
0.871364
0.871364
0.871364
0.871364
0.871364
0.871364
0.871364
0.871364
0.871364
0.871364
0.871364
0.871364
0.688094
---10000
0 seconds 267 milliseconds
0.871364
0.871364
0.871364
0.871364
0.871364
0.871364
0.871364
0.871364
0.871364
0.871364
0.871364
0.871364
0.871364
0.871364
0.871364
0.871364
0.871364
0.871364
0.763363
0.763363
---100000
2 seconds 495 milliseconds
0.871364
0.871364
0.871364
0.871364
0.871364
0.871364
0.871364
0.871364
0.871364
0.871364
0.871364
0.871364
0.871364
0.871364
0.871364
0.871364
0.871364
0.831887
0.831887
0.537422
---1000000
24 seconds 599 milliseconds
0.871364
0.871364
0.871364
0.871364
0.871364
0.871364
0.871364
0.871364
0.871364
0.871364
0.871364
0.871364
0.871364
0.871364
0.850961
0.850961
0.850961
0.850961
0.831887
0.831887
