Global Optimum: 0.728443, Duplication: 7
0 seconds 726 milliseconds
279841
0
0
0
0
0
0
0
0
0
0
0
0
0
125
9475
4375
200
12000
8280
2040
2880
5888
2944
0
1536
512
0
0
0
0
1500
3950
1625
700
300
25
600
4800
5040
1160
480
160
0
960
2880
2048
192
64
0
0
512
512
0
0
0
0
500
1625
1250
875
1250
750
375
125
0
125
1725
4375
3800
1725
550
375
830
3235
1365
795
195
2825
3630
4235
4605
3700
4530
1900
1675
3575
4163
5335
2368
1596
1633
4491
5105
5413
2765
2030
3583
3156
3534
3969
2865
2873
3625
4735
7996
4481
5366
3740
3238
2514
2748
3355
3365
2321
2102
1565
1038
3194
4941
2935
3341
2787
1962
1126
3021
5743
5485
3140
2933
1037
1945
1462
1938
3574
3141
2347
1865
1900
1126
1405
1631
2329
3429
4432
2756
3939
2677
2805
1748
1824
2301
2006
2318
2919
2165
2150
2678
2163
1062
1442
1137
1480
1587
3250
1818
3942
1813
3366
2479
2280
4254
3544
2894
2741
1103
1806
1335
1453
2302
3388
1173
2650
1173
2298
1012
1461
1361
861
1074
1280
2108
1504
2884
3005
1520
4541
1695
1900
1887
875
891
672
1240
1278
717
1209
2188
2005
1335
2747
1200
2080
823
1371
976
407
657
558
1023
1198
2577
1691
701
2076
427
542
400
509
573
572
646
583
518
823
764
613
463
1442
710
1606
383
1370
614
351
338
383
425
394
505
412
319
773
345
303
235
338
251
254
80
276
141
100
374
137
151
252
183
106
238
912
183
184
115
192
154
48
16
24
104
96
80
17
0
136
72
24
32
152
0
0
0
0
64
64
0
0
0
64
8
64
64
64
0
0
125
0
0
375
0
375
0
375
125
750
0
0
375
375
0
25
375
50
50
25
200
125
50
100
150
75
125
175
100
125
300
125
200
575
125
475
275
555
255
960
210
85
630
500
165
395
555
470
485
230
405
845
155
230
560
675
180
195
615
455
285
615
155
1215
225
1665
355
435
910
1405
455
295
1440
310
410
100
880
440
310
210
470
245
315
387
460
311
292
741
480
716
442
486
951
1424
772
1962
1414
477
1647
1676
1040
399
2103
312
1343
335
1295
1505
806
976
942
2649
1020
539
1698
2200
312
1344
1166
1222
417
1289
915
1000
713
1855
912
649
2017
685
687
604
1952
731
914
985
840
707
868
879
918
605
854
1068
961
682
1138
898
716
1734
1462
1034
2065
1710
1533
2264
2639
919
3002
1243
1126
646
2251
974
1087
737
894
1863
1836
1088
1685
3585
397
2495
2342
2103
441
1747
1754
817
739
2029
903
967
1109
978
913
1082
1742
910
1140
1377
931
1019
1138
876
1482
972
1538
1367
613
1080
1596
808
1120
1282
1922
764
716
2547
838
1485
3302
867
1698
2291
855
816
2134
1588
750
918
930
661
728
1122
1171
1188
626
1820
1726
2047
883
1772
1537
730
703
2390
587
694
547
693
840
808
660
734
792
755
661
816
996
768
693
764
521
987
441
516
1878
624
558
1283
1672
392
530
1694
630
544
1969
569
319
1537
554
362
887
1648
396
833
351
372
276
604
593
207
309
621
417
709
620
765
518
257
733
1254
399
390
306
260
375
298
292
339
164
235
304
355
408
286
198
213
156
183
276
293
206
162
161
161
1166
67
223
1242
304
54
1233
136
130
157
53
208
48
788
133
117
46
119
80
340
96
98
151
35
92
124
41
97
94
34
250
95
170
100
163
39
74
17
9
137
9
0
152
82
33
109
8
16
0
102
17
90
73
1
8
10
9
8
16
80
72
0
585
8
0
0
16
80
0
64
16
8
8
0
0
8
0
0
0
0
16
64
0
0
0
0
0
0
0
0
0
8
0
0
0
0
0
0
0
0
0
0
0
0
0
72
0
0
0
0
0
0
0
0
0
0
0
0
0
0
0
0
0
0
0
0
0
0
0
0
0
0
0
0
0
0
0
0
0
0
0
0
0
0
0
0
0
0
0
0
0
0
0
0
0
0
0
0
0
0
0
0
0
0
0
0
0
0
0
0
0
0
0
0
0
0
0
0
0
0
0
0
0
0
0
0
0
0
0
0
0
0
0
0
0
0
0
0
0
0
0
0
0
0
0
0
0
0
0
0
0
0
0
0
0
0
0
0
0
0
0
0
0
0
0
0
0
0
0
0
0
0
0
0
0
0
0
0
0
0
0
0
0
0
0
0
0
0
0
0
0
0
0
0
0
0
0
0
0
0
0
0
0
0
0
0
0
0
0
0
0
0
0
0
0
0
0
0
0
0
0
0
0
0
0
0
0
0
0
0
0
0
0
0
0
0
0
0
0
0
0
0
0
0
0
0
0
0
0
0
0
0
0
0
0
0
0
0
0
0
0
0
0
0
0
0
0
0
0
0
0
0
0
0
0
0
0
0
0
0
0
0
0
0
0
0
0
0
0
0
0
0
0
0
0
0
0
0
0
0
0
0
0
0
0
0
0
0
0
0
0
0
0
0
0
0
0
0
