Global Optimum: 0.927083, Duplication: 2047
0 seconds 438 milliseconds
211600
0
0
0
0
0
0
0
0
0
0
0
0
0
0
0
0
0
0
0
0
0
0
0
0
0
0
100
400
0
1000
1600
1300
600
2120
2160
400
3520
3640
1660
1560
2456
1792
1416
1792
1792
0
896
512
512
0
512
0
0
0
0
0
0
0
0
0
0
0
0
0
0
0
0
0
0
0
0
0
0
0
0
0
0
0
0
0
0
0
0
0
0
0
0
0
0
0
0
100
0
0
300
0
0
300
0
300
0
100
0
600
0
0
300
0
300
0
0
820
0
0
0
1040
0
100
520
0
1040
330
0
0
1040
0
990
0
0
520
990
0
896
990
0
330
896
2205
0
0
0
896
990
900
990
0
0
0
0
3988
0
0
895
512
3296
900
330
0
4333
0
0
3521
0
2685
0
3421
1385
0
0
895
0
0
6038
0
0
0
0
2752
4745
750
0
3737
0
450
3360
0
500
4337
2752
2470
0
0
6704
150
0
270
1350
0
3352
0
610
3604
0
450
0
1536
0
7180
0
150
0
0
0
4057
2410
0
1272
475
1856
0
0
6647
0
0
1815
25
0
3712
600
1035
400
2880
0
945
0
90
1984
0
1785
600
0
0
4130
0
575
0
0
1024
0
2696
1185
0
0
1725
955
1920
1024
0
340
1104
0
0
5072
0
0
0
1232
1190
0
1200
2864
0
575
1152
330
760
2900
0
1432
0
800
0
2800
256
0
2280
2750
0
0
0
4636
0
0
0
0
3840
0
512
128
3180
0
1125
1448
0
520
0
824
0
0
4240
2048
3090
0
345
0
0
0
0
2120
2048
0
3645
0
2864
0
0
0
795
0
0
0
2112
6280
0
0
0
0
2971
0
0
0
1792
840
0
0
0
1272
4352
0
0
896
0
0
232
0
2240
0
0
2176
1024
0
0
0
1944
2240
0
0
0
0
0
0
0
0
0
3096
0
0
0
1472
0
0
0
0
0
2304
0
0
512
0
648
0
0
0
0
1152
0
0
512
0
0
1536
0
0
0
0
0
0
0
0
0
1536
512
0
0
0
0
0
0
0
0
0
0
0
0
0
0
448
0
0
0
0
0
0
0
0
0
512
0
0
0
0
0
0
0
0
0
512
0
0
0
0
0
0
0
0
0
0
0
0
0
0
0
0
0
0
0
0
0
0
0
0
0
0
0
0
0
0
0
0
0
0
0
0
0
0
0
0
0
0
0
0
0
0
0
0
0
0
0
0
2921
0
0
0
0
0
0
0
0
0
0
0
0
0
0
0
0
0
0
0
11684
0
0
0
0
0
0
0
0
0
0
0
0
0
0
0
0
0
0
0
0
17526
0
0
0
0
0
0
0
0
0
0
10929
0
0
0
0
0
0
0
0
0
11684
0
0
0
0
0
0
0
0
0
32787
0
0
0
0
0
0
0
0
0
0
2921
0
0
0
0
0
0
0
0
0
32787
0
0
0
0
0
0
0
0
0
0
15031
0
0
0
0
0
0
0
0
0
10929
0
0
0
0
0
0
0
0
0
0
39886
0
0
0
0
0
0
0
0
0
0
0
0
0
0
0
0
0
0
0
44503
0
0
0
0
0
0
0
0
0
0
8924
0
0
0
0
0
0
0
0
0
29472
0
0
0
0
0
0
0
0
0
0
35188
0
0
0
0
0
0
0
0
0
9824
0
0
0
0
0
0
0
0
0
52528
0
0
0
0
0
0
0
0
0
0
1899
0
0
0
0
0
0
0
0
0
26264
0
0
0
0
0
0
0
0
0
0
22368
0
0
0
0
0
0
0
0
0
0
0
0
0
0
0
0
0
0
0
0
33376
0
0
0
0
0
0
0
0
0
0
0
0
0
0
0
0
0
0
0
22016
0
0
0
0
0
0
0
0
0
0
5872
0
0
0
0
0
0
0
0
0
11008
0
0
0
0
0
0
0
0
0
0
17536
0
0
0
0
0
0
0
0
0
0
0
0
0
0
0
0
0
0
0
17536
0
0
0
0
0
0
0
0
0
0
0
0
0
0
0
0
0
0
0
0
0
0
0
0
0
0
0
0
0
0
0
6016
0
0
0
0
0
0
0
0
0
0
0
0
0
0
0
0
0
0
0
0
4096
0
0
0
0
0
0
0
0
0
0
0
0
0
0
0
0
0
0
0
4096
0
0
0
0
0
0
0
0
0
0
0
0
0
0
0
0
0
0
0
0
0
0
0
0
0
0
0
0
0
0
0
2048
0
0
0
0
0
0
0
0
0
0
0
0
0
0
0
0
0
0
0
0
0
0
0
0
0
0
0
0
0
0
0
0
0
0
0
0
0
0
0
0
0
0
0
0
0
0
0
0
0
0
0
0
0
0
0
0
0
0
0
0
0
0
0
0
0
0
0
0
0
0
0
0
0
