Global Optimum: 0.805556, Duplication: 895
907 seconds 898 milliseconds
47990880
0
0
0
0
0
0
0
0
0
0
0
0
0
0
0
0
3820
80220
288980
954027
1660905
2725690
5301498
5138690
6692900
8615600
5207016
6042048
4958208
1964544
1974272
724992
393216
0
10156
60936
152340
270257
488025
916834
1519918
1944253
2077901
2544820
3724023
5296666
6386587
5772021
4904133
5835515
7414160
8452480
7854754
5032696
4193164
5200382
5282610
5479074
3362494
2045428
2576668
3749586
2030114
1135688
1959792
2710414
3096578
696734
4862850
1984960
3689032
4908774
1308754
2788496
4853432
4850465
1192720
6614461
1440550
5180266
3637822
2287530
2395938
3522933
4674396
796442
4799464
1657523
3064866
4083995
1434203
4350777
2465070
3295256
4602376
1353899
5959537
1485915
3910992
5365794
2010182
7127002
1045232
6057688
3580057
4192672
5837477
132704
6865536
3874712
3590216
7710536
1152328
4823415
5416920
4971864
5836435
0
8350416
3136092
7575672
3141330
2707750
5092520
8654866
2879670
11817544
1848852
973509
10425008
4181518
5519386
9645521
0
8182018
6637662
2828313
10730468
3918156
5661298
5732288
13466138
526784
3148356
14167514
2241380
3558291
9141840
3317812
8092586
4394401
4219493
10974872
4927717
954368
10928283
11027037
410490
3919824
10323558
5988407
823940
9159616
4968002
2650520
10169814
0
6717511
1373660
9669608
6714769
1320166
3917624
6128400
6849040
3257234
1561638
10982156
0
7466657
909312
5532758
1432460
8353921
3051198
3297420
6243516
4319584
952919
8616179
3063008
2212991
1019648
7498477
982545
6997103
385536
6017878
2093056
7836534
417760
1202249
5968757
5793992
3032746
1020392
4835530
6493156
2212992
3474707
286720
4204064
3861298
8129856
1434659
963379
204800
11121220
0
6281875
0
700416
5358892
1704960
8372700
1474892
1038280
2537328
5360225
5457812
528130
1760892
2345456
5390902
3451857
1995552
419175
6735232
0
2651782
3694050
1395687
5499864
422081
4502155
57344
1579170
5653428
600576
4845581
284592
3023037
2355661
459337
5591542
2300698
1028652
489119
1361408
3113088
4386371
1854568
584164
1450775
1037696
0
6816159
0
0
2794015
0
3297648
367742
535525
2197568
1480322
1590572
390146
835468
1430386
1824632
1030080
1231416
84366
2378894
1535735
144320
509383
702920
995748
1893268
389632
932471
1328527
125340
242844
1144920
416164
932349
1421152
0
469390
619407
0
583704
1381296
57344
354816
1267706
69632
37888
867859
187392
69632
1655630
59584
0
166208
429973
0
545792
901762
0
28048
478656
217488
348672
138483
258304
132608
0
507328
435368
0
133744
250826
0
321600
14336
390144
201072
74752
109770
107200
27456
0
198144
299520
0
233344
43776
0
0
222510
0
0
326976
0
0
0
90304
0
0
228864
0
7680
12288
92992
0
53248
46336
0
0
11968
112384
0
26624
6272
0
18432
66432
0
0
0
27392
18432
0
12288
0
0
0
35584
0
0
4096
4096
0
0
16384
0
0
4992
0
0
0
8192
0
0
5120
0
0
0
0
0
0
5120
0
0
0
0
0
0
0
0
0
0
1024
0
0
0
0
0
0
0
0
0
0
0
0
0
0
0
0
0
0
0
0
0
0
0
0
0
0
0
0
0
0
0
0
0
0
0
0
0
0
0
0
0
0
0
0
0
0
0
0
0
0
0
0
0
0
0
0
0
0
0
0
0
0
0
0
0
0
0
0
0
0
0
0
2952
0
0
0
0
0
0
0
0
0
0
0
0
17712
0
0
0
0
0
0
0
0
0
0
0
0
0
44280
0
0
0
0
0
0
15826
0
0
0
0
0
0
59040
0
0
0
0
0
0
79130
0
0
0
0
0
0
44280
0
0
0
0
0
0
158260
0
0
0
0
0
0
52434
0
0
0
0
0
0
158260
0
0
0
0
0
0
147728
0
0
0
0
0
0
79130
0
0
0
0
0
0
237772
0
0
0
0
0
0
55638
0
0
0
0
0
0
197768
0
0
0
0
0
0
144636
0
0
0
0
0
0
93602
0
0
0
0
0
220236
0
0
0
0
0
0
54544
0
0
0
0
0
0
191012
0
0
0
0
0
0
98112
0
0
0
0
0
0
100800
0
0
0
0
0
0
153968
0
0
0
0
0
0
33440
0
0
0
0
0
0
137312
0
0
0
0
0
0
42224
0
0
0
0
0
0
58912
0
0
0
0
0
0
77056
0
0
0
0
0
0
12364
0
0
0
0
0
0
61248
0
0
0
0
0
0
16112
0
0
0
0
0
0
27264
0
0
0
0
0
0
23792
0
0
0
0
0
0
9088
0
0
0
0
0
0
20992
0
0
0
0
0
2016
0
0
0
0
0
0
10496
0
0
0
0
0
0
5120
0
0
0
0
0
0
0
0
0
0
0
0
0
5120
0
0
0
0
0
0
0
0
0
0
0
0
0
0
0
0
0
0
0
0
896
0
0
0
0
0
0
0
0
0
0
0
0
0
0
0
0
0
0
0
0
0
0
0
0
0
0
0
0
0
0
0
0
0
0
0
0
0
0
0
0
0
0
0
0
0
0
0
0
0
0
0
0
0
0
0
0
0
0
0
0
0
0
0
0
0
0
0
0
0
0
0
0
0
0
0
0
0
0
0
0
0
0
0
0
0
0
0
0
0
0
0
0
0
0
0
0
0
0
0
0
0
0
0
0
0
0
0
0
0
0
0
0
0
0
0
0
0
0
0
0
0
0
0
0
0
0
0
0
0
0
0
0
0
0
0
0
0
0
0
0
0
0
0
0
0
0
0
0
0
0
0
0
0
0
0
0
0
0
0
0
0
0
0
0
0
0
0
0
0
0
0
0
0
0
0
0
0
0
0
0
0
0
0
0
0
0
0
0
0
0
0
0
0
0
0
