Global Optimum: 0.558238, Duplication: 0
1259 seconds 76 milliseconds
124092291
48086721
31314316
23610926
33444484
31278584
16455665
39386463
22169093
18664259
17514703
16763230
17389160
12892437
22418177
12447240
14616547
10879157
13306265
18453932
13002237
15532175
12681547
13451330
12232465
12011793
14321022
12789568
7758289
11081285
9039177
8786726
12862299
8949741
8519602
8186888
8077020
8668781
9165207
8365213
7580999
7426827
6114830
8026898
8232458
6172744
7085606
7372724
6730733
6059184
5675840
6440697
5533024
6124723
4922133
5636328
6112695
5181504
4818545
4495741
5476496
4608210
3953660
3717917
4521139
3840705
4697539
3948619
3230827
4030222
3222773
3432442
3366980
3363137
3166949
2869792
3271053
2869469
2834195
3017860
2955048
2786437
2529553
2510839
2665402
2730000
2277524
2167718
2178924
2454483
1803135
1969346
2102044
2244604
2037479
1753620
1919248
1817159
1914728
1720541
1927432
1459855
1925502
1580151
1553146
1381499
1563355
1299265
1653638
1212345
1541977
1244280
1433642
1050366
1180648
1214078
1228495
1065657
1297256
1018823
1005112
933280
1036302
876459
862531
863582
914375
1015450
929991
859904
764370
832397
842912
727787
779609
709517
652180
733051
656816
629970
565336
677564
569279
687427
547361
579337
491796
556184
600869
477975
555679
455247
479809
516816
460318
435649
356542
435285
393050
376790
336311
394473
385857
342986
369732
320552
295056
304995
316961
306433
329864
273290
300619
273547
251425
271035
247554
247956
228743
228069
233058
185628
265337
195315
212787
197981
186357
191445
187278
180127
170896
172304
152981
157771
166075
146565
142606
147392
140366
133261
117336
134137
118023
132879
127881
113613
118246
103740
114822
102960
112493
115234
92978
88475
91808
85331
86330
88667
78083
92714
72946
97403
69778
68934
72156
77813
62758
76735
56909
67831
60456
57399
66142
54034
53212
50914
49758
49902
44831
59333
48083
37243
43427
43618
43663
46473
42319
36335
35073
39404
34945
29815
40834
32745
34802
29060
28815
26681
29738
27126
27510
20954
25241
23887
21888
26197
18006
22807
18920
16121
19600
18866
15636
18190
15401
15009
13126
16225
14600
13671
12686
12542
13210
11334
13993
11160
11718
10637
9749
10680
10777
7990
9825
8156
8788
7561
7003
6807
6986
6924
5922
6039
6089
5049
6187
5500
4713
5052
4583
5112
6747
5251
5234
4319
5715
5191
4263
5653
4689
4355
4473
3286
3726
3906
4201
3193
4058
4954
3208
2891
3811
2752
3998
3585
2656
3395
3274
3535
3745
2381
3370
3042
2779
4228
2705
3026
3856
4503
2419
2419
5536
2457
2162
2217
3457
2728
2962
3026
3592
3795
2631
2738
2468
2651
2998
2675
2354
4048
3415
2283
2293
2432
2161
3280
2021
2410
3520
2415
3557
2063
1680
1719
3311
2022
1918
1906
1757
2229
1481
1867
2464
2573
1565
1948
1530
1487
1829
1899
1416
1910
2335
1648
1262
1160
1259
1382
1174
1397
2334
1116
1967
1220
918
1252
1005
1164
1022
1291
1372
1219
848
781
1219
732
980
852
648
867
849
808
710
650
703
822
594
431
479
566
534
515
543
616
555
572
503
329
538
393
317
440
532
495
469
335
632
285
333
348
247
326
297
281
385
280
263
386
231
285
137
167
134
151
170
157
279
125
204
125
206
82
92
118
109
64
99
87
247
111
109
122
56
67
54
76
100
97
66
138
84
85
30
31
26
36
46
34
79
24
70
21
18
21
25
25
17
22
31
19
8
17
11
6
18
15
8
15
7
8
2
11
9
5
5
4
2
2
3
2
7
6
1
2
0
2
1
3
2
1
4
0
2
1
0
0
0
1
0
0
1
0
0
0
0
0
0
0
0
0
0
0
0
0
0
0
0
0
0
0
0
0
0
0
0
0
0
0
0
0
0
0
0
0
0
0
0
0
0
0
0
0
0
0
0
0
0
0
0
0
0
0
0
0
0
0
0
0
0
0
0
0
0
0
0
0
0
0
0
0
0
0
0
0
0
0
0
0
0
0
0
0
0
0
0
0
0
0
0
0
0
0
0
0
0
0
0
0
0
0
0
0
0
0
0
0
0
0
0
0
0
0
0
0
0
0
0
0
0
0
0
0
0
0
0
0
0
0
0
0
0
0
0
0
0
0
0
0
0
0
0
0
0
0
0
0
0
0
0
0
0
0
0
0
0
0
0
0
0
0
0
0
0
0
0
0
0
0
0
0
0
0
0
0
0
0
0
0
0
0
0
0
0
0
0
0
0
0
0
0
0
0
0
0
0
0
0
0
0
0
0
0
0
0
0
0
0
0
0
0
0
0
0
0
0
0
0
0
0
0
0
0
0
0
0
0
0
0
0
0
0
0
0
0
0
0
0
0
0
0
0
0
0
0
0
0
0
0
0
0
0
0
0
0
0
0
0
0
0
0
0
0
0
0
0
0
0
0
0
0
0
0
0
0
0
0
0
0
0
0
0
0
0
0
0
0
0
0
0
0
0
0
0
0
0
0
0
0
0
0
0
0
0
0
0
0
0
0
0
0
0
0
0
0
0
0
0
0
0
0
0
0
0
0
0
0
0
0
0
0
0
0
0
0
0
0
0
0
0
0
0
0
0
0
0
0
0
0
0
0
0
0
0
0
0
0
0
0
0
0
0
0
0
0
0
0
0
0
0
0
0
0
0
0
0
0
0
0
0
0
0
0
0
0
0
0
0
0
0
0
0
0
0
0
0
0
0
0
0
0
0
0
0
0
0
0
0
0
0
0
0
0
0
0
0
0
0
0
0
0
0
0
0
0
0
0
0
0
0
0
0
0
0
0
0
0
0
0
0
0
0
0
0
