---1
0 seconds 0 milliseconds
dir: 135.000000, type: 2
dir: 135.000000, type: 1
dir: -45.000000, type: 0
dir: 90.000000, type: 0
0.750000
0.625000
0.625000
0.625000
0.500000
0.500000
0.277778
0.194444
0.173611
0.173611
0.166667
0.138889
0.138889
0.041667
0.034722
0.034722
0.000000
0.000000
0.000000
0.000000
---10
0 seconds 0 milliseconds
dir: 135.000000, type: 0
dir: 135.000000, type: 1
dir: -45.000000, type: 0
dir: -135.000000, type: 0
0.875000
0.875000
0.875000
0.875000
0.875000
0.875000
0.875000
0.875000
0.750000
0.750000
0.750000
0.750000
0.750000
0.750000
0.750000
0.750000
0.750000
0.750000
0.625000
0.625000
---100
0 seconds 2 milliseconds
dir: 135.000000, type: 0
dir: 135.000000, type: 1
dir: -45.000000, type: 0
dir: -135.000000, type: 0
0.875000
0.875000
0.875000
0.875000
0.875000
0.875000
0.875000
0.875000
0.875000
0.875000
0.875000
0.875000
0.875000
0.875000
0.875000
0.875000
0.875000
0.875000
0.750000
0.750000
---1000
0 seconds 12 milliseconds
dir: 135.000000, type: 0
dir: 135.000000, type: 1
dir: -45.000000, type: 0
dir: -135.000000, type: 0
0.875000
0.875000
0.875000
0.875000
0.875000
0.875000
0.875000
0.875000
0.875000
0.875000
0.875000
0.875000
0.875000
0.875000
0.875000
0.875000
0.875000
0.750000
0.000000
0.000000
---10000
0 seconds 96 milliseconds
dir: 135.000000, type: 0
dir: 135.000000, type: 1
dir: -45.000000, type: 0
dir: -135.000000, type: 0
0.875000
0.875000
0.875000
0.875000
0.875000
0.875000
0.875000
0.875000
0.875000
0.875000
0.875000
0.875000
0.875000
0.875000
0.875000
0.875000
0.875000
0.875000
0.875000
0.750000
---100000
0 seconds 900 milliseconds
dir: 135.000000, type: 0
dir: 135.000000, type: 1
dir: -45.000000, type: 0
dir: -135.000000, type: 0
0.875000
0.875000
0.875000
0.875000
0.875000
0.875000
0.875000
0.875000
0.875000
0.875000
0.875000
0.875000
0.875000
0.875000
0.875000
0.875000
0.875000
0.875000
0.750000
0.000000
---1000000
8 seconds 785 milliseconds
dir: 135.000000, type: 0
dir: 135.000000, type: 1
dir: -45.000000, type: 0
dir: -135.000000, type: 0
0.875000
0.875000
0.875000
0.875000
0.875000
0.875000
0.875000
0.875000
0.875000
0.875000
0.875000
0.875000
0.875000
0.875000
0.875000
0.875000
0.875000
0.875000
0.875000
0.750000
