---1
0 seconds 0 milliseconds
dir: 135.000000, type: 1
dir: 135.000000, type: 1
dir: 0.000000, type: 3
dir: -135.000000, type: 3
0.524346
0.522206
0.434909
0.293309
0.282128
0.240966
0.106316
0.079823
0.043607
0.042289
0.033076
0.012523
0.006584
0.000000
0.000000
0.000000
0.000000
0.000000
0.000000
0.000000
---10
0 seconds 0 milliseconds
dir: 45.000000, type: 1
dir: 135.000000, type: 3
dir: -90.000000, type: 3
dir: -135.000000, type: 3
0.797081
0.767594
0.767594
0.767594
0.767594
0.767594
0.719458
0.719458
0.719458
0.717436
0.714564
0.680340
0.674046
0.674046
0.674046
0.674046
0.674046
0.623426
0.623426
0.616295
---100
0 seconds 3 milliseconds
dir: 45.000000, type: 1
dir: 135.000000, type: 3
dir: -45.000000, type: 3
dir: -135.000000, type: 3
0.845217
0.845217
0.845217
0.845217
0.845217
0.845217
0.845217
0.845217
0.845217
0.845217
0.845217
0.845217
0.845217
0.845217
0.845217
0.845217
0.845217
0.799319
0.763363
0.316668
---1000
0 seconds 28 milliseconds
dir: 45.000000, type: 3
dir: 135.000000, type: 3
dir: -45.000000, type: 3
dir: -135.000000, type: 3
0.871364
0.871364
0.871364
0.871364
0.871364
0.871364
0.871364
0.871364
0.871364
0.871364
0.871364
0.871364
0.871364
0.871364
0.871364
0.871364
0.871364
0.819513
0.819513
0.756988
---10000
0 seconds 263 milliseconds
dir: 45.000000, type: 3
dir: 135.000000, type: 3
dir: -45.000000, type: 3
dir: -135.000000, type: 3
0.871364
0.871364
0.871364
0.871364
0.871364
0.871364
0.871364
0.871364
0.871364
0.871364
0.871364
0.871364
0.871364
0.871364
0.871364
0.871364
0.871364
0.871364
0.756988
0.756988
---100000
2 seconds 505 milliseconds
dir: 45.000000, type: 3
dir: 135.000000, type: 3
dir: -45.000000, type: 3
dir: -135.000000, type: 3
0.871364
0.871364
0.871364
0.871364
0.871364
0.871364
0.871364
0.871364
0.871364
0.871364
0.871364
0.871364
0.871364
0.871364
0.871364
0.871364
0.871364
0.871364
0.756988
0.688094
---1000000
24 seconds 728 milliseconds
dir: 45.000000, type: 3
dir: 135.000000, type: 3
dir: -45.000000, type: 3
dir: -135.000000, type: 3
0.871364
0.871364
0.871364
0.871364
0.871364
0.871364
0.871364
0.871364
0.871364
0.871364
0.871364
0.871364
0.871364
0.871364
0.871364
0.871364
0.871364
0.871364
0.844739
0.688094
