---1
0 seconds 0 milliseconds
dir: -90.000000, type: 2
dir: 180.000000, type: 2
dir: 180.000000, type: 3
dir: 135.000000, type: 0
0.729167
0.729167
0.697917
0.645833
0.625000
0.625000
0.625000
0.625000
0.593750
0.572917
0.562500
0.348958
0.260417
0.199653
0.190972
0.164931
0.000000
0.000000
0.000000
0.000000
---10
0 seconds 0 milliseconds
dir: 180.000000, type: 0
dir: -45.000000, type: 2
dir: 180.000000, type: 2
dir: 135.000000, type: 0
0.854167
0.822917
0.822917
0.822917
0.822917
0.822917
0.822917
0.822917
0.822917
0.822917
0.822917
0.822917
0.822917
0.822917
0.822917
0.822917
0.822917
0.822917
0.750000
0.750000
---100
0 seconds 1 milliseconds
dir: 180.000000, type: 0
dir: 45.000000, type: 0
dir: 180.000000, type: 2
dir: 135.000000, type: 0
0.927083
0.927083
0.927083
0.927083
0.927083
0.927083
0.927083
0.927083
0.927083
0.927083
0.927083
0.927083
0.927083
0.927083
0.927083
0.927083
0.927083
0.927083
0.927083
0.927083
---1000
0 seconds 12 milliseconds
dir: 180.000000, type: 0
dir: 45.000000, type: 0
dir: 180.000000, type: 2
dir: 135.000000, type: 0
0.927083
0.927083
0.927083
0.927083
0.927083
0.927083
0.927083
0.927083
0.927083
0.927083
0.927083
0.927083
0.927083
0.927083
0.927083
0.927083
0.927083
0.927083
0.927083
0.927083
---10000
0 seconds 122 milliseconds
dir: 180.000000, type: 0
dir: 45.000000, type: 0
dir: 180.000000, type: 2
dir: 135.000000, type: 0
0.927083
0.927083
0.927083
0.927083
0.927083
0.927083
0.927083
0.927083
0.927083
0.927083
0.927083
0.927083
0.927083
0.927083
0.927083
0.927083
0.927083
0.822917
0.822917
0.000000
---100000
0 seconds 984 milliseconds
dir: 180.000000, type: 0
dir: 45.000000, type: 0
dir: 180.000000, type: 2
dir: 135.000000, type: 0
0.927083
0.927083
0.927083
0.927083
0.927083
0.927083
0.927083
0.927083
0.927083
0.927083
0.927083
0.927083
0.927083
0.927083
0.927083
0.927083
0.927083
0.927083
0.927083
0.718750
---1000000
9 seconds 152 milliseconds
dir: 180.000000, type: 0
dir: 45.000000, type: 0
dir: 180.000000, type: 2
dir: 135.000000, type: 0
0.927083
0.927083
0.927083
0.927083
0.927083
0.927083
0.927083
0.927083
0.927083
0.927083
0.927083
0.927083
0.927083
0.927083
0.927083
0.927083
0.927083
0.927083
0.927083
0.927083
