---1
0 seconds 0 milliseconds
dir: 180.000000, type: 2
dir: 180.000000, type: 3
dir: -90.000000, type: 1
dir: 180.000000, type: 1
0.421181
0.333756
0.317708
0.190946
0.174798
0.153404
0.129665
0.110796
0.087420
0.079823
0.060869
0.047603
0.035505
0.028290
0.006584
0.006584
0.000000
0.000000
0.000000
0.000000
---10
0 seconds 0 milliseconds
dir: 0.000000, type: 1
dir: 135.000000, type: 1
dir: -45.000000, type: 3
dir: 180.000000, type: 1
0.653910
0.622953
0.606218
0.597858
0.580394
0.564938
0.564938
0.554373
0.543972
0.543972
0.543972
0.543972
0.517225
0.517225
0.517225
0.502518
0.502518
0.468632
0.344892
0.332670
---100
0 seconds 2 milliseconds
dir: 45.000000, type: 3
dir: 135.000000, type: 1
dir: -45.000000, type: 3
dir: -135.000000, type: 3
0.786766
0.786766
0.786766
0.786766
0.786766
0.786766
0.786766
0.786766
0.786766
0.786766
0.786766
0.786766
0.786766
0.786766
0.786766
0.786766
0.786766
0.786766
0.786607
0.654140
---1000
0 seconds 32 milliseconds
dir: 45.000000, type: 3
dir: 135.000000, type: 3
dir: -45.000000, type: 3
dir: -135.000000, type: 3
0.871364
0.871364
0.871364
0.871364
0.871364
0.871364
0.871364
0.871364
0.871364
0.871364
0.871364
0.871364
0.871364
0.871364
0.871364
0.871364
0.871364
0.871364
0.871364
0.871364
---10000
0 seconds 278 milliseconds
dir: 45.000000, type: 3
dir: 135.000000, type: 3
dir: -45.000000, type: 3
dir: -135.000000, type: 3
0.871364
0.871364
0.871364
0.871364
0.871364
0.871364
0.871364
0.871364
0.871364
0.871364
0.871364
0.871364
0.871364
0.871364
0.871364
0.871364
0.871364
0.871364
0.871364
0.831887
---100000
2 seconds 517 milliseconds
dir: 45.000000, type: 3
dir: 135.000000, type: 3
dir: -45.000000, type: 3
dir: -135.000000, type: 3
0.871364
0.871364
0.871364
0.871364
0.871364
0.871364
0.871364
0.871364
0.871364
0.871364
0.871364
0.871364
0.871364
0.871364
0.804673
0.800308
0.763363
0.763363
0.763363
0.763363
---1000000
24 seconds 533 milliseconds
dir: 45.000000, type: 3
dir: 135.000000, type: 3
dir: -45.000000, type: 3
dir: -135.000000, type: 3
0.871364
0.871364
0.871364
0.871364
0.871364
0.871364
0.871364
0.871364
0.871364
0.871364
0.871364
0.871364
0.871364
0.871364
0.871364
0.871364
0.871364
0.763363
0.737505
0.677607
