---1
0 seconds 0 milliseconds
dir: 180.000000, type: 2
dir: -90.000000, type: 0
dir: 180.000000, type: 0
dir: -45.000000, type: 1
0.822917
0.781250
0.770833
0.750000
0.750000
0.750000
0.697917
0.677083
0.625000
0.593750
0.572917
0.500000
0.385417
0.322917
0.322917
0.268519
0.234954
0.197917
0.193866
0.185185
---10
0 seconds 0 milliseconds
dir: 180.000000, type: 2
dir: -90.000000, type: 0
dir: 180.000000, type: 0
dir: 45.000000, type: 0
0.927083
0.927083
0.875000
0.854167
0.854167
0.854167
0.854167
0.854167
0.854167
0.854167
0.854167
0.822917
0.822917
0.822917
0.822917
0.822917
0.750000
0.750000
0.729167
0.718750
---100
0 seconds 1 milliseconds
dir: 180.000000, type: 2
dir: -90.000000, type: 0
dir: 180.000000, type: 0
dir: 45.000000, type: 0
0.927083
0.927083
0.927083
0.927083
0.927083
0.927083
0.927083
0.927083
0.927083
0.927083
0.927083
0.927083
0.927083
0.927083
0.927083
0.927083
0.927083
0.927083
0.927083
0.802083
---1000
0 seconds 9 milliseconds
dir: 180.000000, type: 2
dir: -90.000000, type: 0
dir: 180.000000, type: 0
dir: 45.000000, type: 0
0.927083
0.927083
0.927083
0.927083
0.927083
0.927083
0.927083
0.927083
0.927083
0.927083
0.927083
0.927083
0.927083
0.927083
0.927083
0.927083
0.927083
0.927083
0.927083
0.854167
---10000
0 seconds 83 milliseconds
dir: 180.000000, type: 2
dir: -90.000000, type: 0
dir: 180.000000, type: 0
dir: 45.000000, type: 0
0.927083
0.927083
0.927083
0.927083
0.927083
0.927083
0.927083
0.927083
0.927083
0.927083
0.927083
0.927083
0.927083
0.927083
0.927083
0.927083
0.895833
0.895833
0.822917
0.000000
---100000
0 seconds 884 milliseconds
dir: 180.000000, type: 2
dir: -90.000000, type: 0
dir: 180.000000, type: 0
dir: 45.000000, type: 0
0.927083
0.927083
0.927083
0.927083
0.927083
0.927083
0.927083
0.927083
0.927083
0.927083
0.927083
0.927083
0.927083
0.927083
0.927083
0.927083
0.927083
0.927083
0.927083
0.927083
---1000000
8 seconds 434 milliseconds
dir: 180.000000, type: 2
dir: -90.000000, type: 0
dir: 180.000000, type: 0
dir: 45.000000, type: 0
0.927083
0.927083
0.927083
0.927083
0.927083
0.927083
0.927083
0.927083
0.927083
0.927083
0.927083
0.927083
0.927083
0.927083
0.927083
0.927083
0.927083
0.822917
0.802083
0.000000
