---1
0 seconds 0 milliseconds
dir: 135.000000, type: 0
dir: 135.000000, type: 1
dir: 180.000000, type: 1
dir: 45.000000, type: 0
0.750000
0.625000
0.625000
0.625000
0.625000
0.625000
0.625000
0.625000
0.500000
0.500000
0.500000
0.500000
0.375000
0.250000
0.173611
0.166667
0.138889
0.111111
0.000000
0.000000
---10
0 seconds 0 milliseconds
dir: 135.000000, type: 0
dir: 135.000000, type: 1
dir: 180.000000, type: 1
dir: 45.000000, type: 0
0.750000
0.750000
0.750000
0.750000
0.750000
0.750000
0.750000
0.750000
0.750000
0.750000
0.750000
0.750000
0.750000
0.750000
0.750000
0.750000
0.750000
0.750000
0.625000
0.000000
---100
0 seconds 1 milliseconds
dir: -135.000000, type: 0
dir: 180.000000, type: 3
dir: -135.000000, type: 0
dir: 45.000000, type: 0
0.875000
0.875000
0.875000
0.875000
0.875000
0.875000
0.875000
0.875000
0.875000
0.875000
0.875000
0.875000
0.875000
0.875000
0.875000
0.875000
0.875000
0.875000
0.875000
0.000000
---1000
0 seconds 12 milliseconds
dir: -135.000000, type: 0
dir: 180.000000, type: 3
dir: -135.000000, type: 0
dir: 45.000000, type: 0
0.875000
0.875000
0.875000
0.875000
0.875000
0.875000
0.875000
0.875000
0.875000
0.875000
0.875000
0.875000
0.875000
0.875000
0.875000
0.875000
0.750000
0.750000
0.750000
0.750000
---10000
0 seconds 88 milliseconds
dir: -135.000000, type: 0
dir: 180.000000, type: 3
dir: -135.000000, type: 0
dir: 45.000000, type: 0
0.875000
0.875000
0.875000
0.875000
0.875000
0.875000
0.875000
0.875000
0.875000
0.875000
0.875000
0.875000
0.875000
0.875000
0.875000
0.875000
0.875000
0.750000
0.750000
0.500000
---100000
0 seconds 876 milliseconds
dir: -135.000000, type: 0
dir: 180.000000, type: 3
dir: -135.000000, type: 0
dir: 45.000000, type: 0
0.875000
0.875000
0.875000
0.875000
0.875000
0.875000
0.875000
0.875000
0.875000
0.875000
0.875000
0.875000
0.875000
0.875000
0.875000
0.875000
0.750000
0.750000
0.750000
0.000000
---1000000
8 seconds 670 milliseconds
dir: -135.000000, type: 0
dir: 180.000000, type: 3
dir: -135.000000, type: 0
dir: 45.000000, type: 0
0.875000
0.875000
0.875000
0.875000
0.875000
0.875000
0.875000
0.875000
0.875000
0.875000
0.875000
0.875000
0.875000
0.875000
0.875000
0.875000
0.875000
0.875000
0.875000
0.875000
