---1
0 seconds 0 milliseconds
dir: 135.000000, type: 0
dir: 135.000000, type: 3
dir: 45.000000, type: 1
dir: -90.000000, type: 1
0.578811
0.506743
0.476042
0.407268
0.352643
0.169098
0.149452
0.144999
0.143263
0.120939
0.112193
0.109699
0.102349
0.097145
0.019060
0.015380
0.000000
0.000000
0.000000
0.000000
---10
0 seconds 0 milliseconds
dir: 135.000000, type: 0
dir: 135.000000, type: 3
dir: -45.000000, type: 1
dir: -135.000000, type: 2
0.648456
0.641638
0.641638
0.638174
0.630480
0.630366
0.604011
0.604011
0.604011
0.604011
0.595208
0.595208
0.595208
0.595208
0.595208
0.595208
0.589925
0.582718
0.572955
0.572955
---100
0 seconds 1 milliseconds
dir: 135.000000, type: 0
dir: 135.000000, type: 3
dir: -45.000000, type: 1
dir: 135.000000, type: 0
0.690376
0.690376
0.690376
0.690376
0.690376
0.690376
0.690376
0.690376
0.690376
0.690376
0.690376
0.690376
0.690376
0.690376
0.690376
0.690376
0.690376
0.690376
0.467164
0.463258
---1000
0 seconds 25 milliseconds
dir: 45.000000, type: 3
dir: 135.000000, type: 3
dir: -45.000000, type: 3
dir: -135.000000, type: 0
0.728443
0.728443
0.728443
0.728443
0.728443
0.728443
0.728443
0.728443
0.728443
0.728443
0.728443
0.728443
0.728443
0.728443
0.728443
0.728443
0.728443
0.728443
0.728443
0.668280
---10000
0 seconds 212 milliseconds
dir: 45.000000, type: 3
dir: 135.000000, type: 3
dir: -45.000000, type: 3
dir: -135.000000, type: 0
0.728443
0.728443
0.728443
0.728443
0.728443
0.728443
0.728443
0.728443
0.728443
0.728443
0.728443
0.728443
0.728443
0.728443
0.728443
0.728443
0.728443
0.728443
0.704828
0.672454
---100000
2 seconds 96 milliseconds
dir: 45.000000, type: 3
dir: 135.000000, type: 3
dir: -45.000000, type: 3
dir: -135.000000, type: 0
0.728443
0.728443
0.728443
0.728443
0.728443
0.728443
0.728443
0.728443
0.728443
0.728443
0.728443
0.728443
0.728443
0.728443
0.728443
0.728443
0.728443
0.665943
0.648838
0.627672
---1000000
21 seconds 443 milliseconds
dir: 45.000000, type: 3
dir: 135.000000, type: 3
dir: -45.000000, type: 3
dir: -135.000000, type: 0
0.728443
0.728443
0.728443
0.728443
0.728443
0.728443
0.728443
0.728443
0.728443
0.728443
0.728443
0.728443
0.728443
0.728443
0.728443
0.728443
0.728443
0.728443
0.728443
0.728443
