---1
0 seconds 0 milliseconds
dir: -45.000000, type: 2
dir: 135.000000, type: 1
dir: 135.000000, type: 0
dir: -135.000000, type: 1
0.718750
0.677083
0.666667
0.645833
0.645833
0.593750
0.572917
0.359375
0.276042
0.260417
0.243056
0.225694
0.193866
0.188079
0.188079
0.000000
0.000000
0.000000
0.000000
0.000000
---10
0 seconds 0 milliseconds
dir: -135.000000, type: 0
dir: 135.000000, type: 1
dir: 135.000000, type: 0
dir: -135.000000, type: 0
0.895833
0.875000
0.875000
0.875000
0.875000
0.875000
0.822917
0.822917
0.822917
0.802083
0.802083
0.802083
0.791667
0.791667
0.791667
0.791667
0.770833
0.770833
0.770833
0.666667
---100
0 seconds 1 milliseconds
dir: -135.000000, type: 0
dir: 135.000000, type: 1
dir: 135.000000, type: 0
dir: -135.000000, type: 0
0.895833
0.895833
0.895833
0.895833
0.895833
0.895833
0.895833
0.895833
0.895833
0.895833
0.895833
0.895833
0.895833
0.895833
0.895833
0.895833
0.895833
0.895833
0.822917
0.770833
---1000
0 seconds 14 milliseconds
dir: -45.000000, type: 0
dir: 180.000000, type: 2
dir: 135.000000, type: 0
dir: -135.000000, type: 0
0.927083
0.927083
0.927083
0.927083
0.927083
0.927083
0.927083
0.927083
0.927083
0.927083
0.927083
0.927083
0.927083
0.927083
0.927083
0.822917
0.822917
0.822917
0.248843
0.000000
---10000
0 seconds 102 milliseconds
dir: -45.000000, type: 0
dir: 180.000000, type: 2
dir: 135.000000, type: 0
dir: -135.000000, type: 0
0.927083
0.927083
0.927083
0.927083
0.927083
0.927083
0.927083
0.927083
0.927083
0.927083
0.927083
0.927083
0.927083
0.927083
0.927083
0.927083
0.927083
0.927083
0.927083
0.927083
---100000
0 seconds 909 milliseconds
dir: -45.000000, type: 0
dir: 180.000000, type: 2
dir: 135.000000, type: 0
dir: -135.000000, type: 0
0.927083
0.927083
0.927083
0.927083
0.927083
0.927083
0.927083
0.927083
0.927083
0.927083
0.927083
0.927083
0.927083
0.927083
0.927083
0.927083
0.875000
0.854167
0.000000
0.000000
---1000000
9 seconds 156 milliseconds
dir: -45.000000, type: 0
dir: 180.000000, type: 2
dir: 135.000000, type: 0
dir: -135.000000, type: 0
0.927083
0.927083
0.927083
0.927083
0.927083
0.927083
0.927083
0.927083
0.927083
0.927083
0.927083
0.927083
0.927083
0.927083
0.927083
0.927083
0.927083
0.822917
0.802083
0.729167
