---1
0 seconds 0 milliseconds
dir: 180.000000, type: 0
dir: -90.000000, type: 1
dir: -45.000000, type: 1
dir: -90.000000, type: 2
0.718750
0.697917
0.666667
0.666667
0.625000
0.541667
0.520833
0.356481
0.333333
0.324074
0.310185
0.291667
0.283565
0.034722
0.032986
0.000000
0.000000
0.000000
0.000000
0.000000
---10
0 seconds 0 milliseconds
dir: 180.000000, type: 0
dir: -135.000000, type: 0
dir: -45.000000, type: 1
dir: -135.000000, type: 2
0.822917
0.822917
0.822917
0.822917
0.822917
0.822917
0.822917
0.822917
0.822917
0.822917
0.770833
0.770833
0.770833
0.770833
0.718750
0.718750
0.718750
0.718750
0.718750
0.291667
---100
0 seconds 2 milliseconds
dir: 45.000000, type: 1
dir: -135.000000, type: 0
dir: -90.000000, type: 0
dir: -45.000000, type: 0
0.895833
0.895833
0.895833
0.895833
0.895833
0.895833
0.895833
0.895833
0.895833
0.895833
0.895833
0.895833
0.895833
0.895833
0.895833
0.895833
0.895833
0.895833
0.791667
0.770833
---1000
0 seconds 14 milliseconds
dir: 180.000000, type: 2
dir: -135.000000, type: 0
dir: -90.000000, type: 0
dir: -45.000000, type: 0
0.927083
0.927083
0.927083
0.927083
0.927083
0.927083
0.927083
0.927083
0.927083
0.927083
0.927083
0.927083
0.927083
0.927083
0.927083
0.927083
0.927083
0.895833
0.802083
0.770833
---10000
0 seconds 97 milliseconds
dir: 180.000000, type: 2
dir: -135.000000, type: 0
dir: -90.000000, type: 0
dir: -45.000000, type: 0
0.927083
0.927083
0.927083
0.927083
0.927083
0.927083
0.927083
0.927083
0.927083
0.927083
0.927083
0.927083
0.927083
0.927083
0.927083
0.927083
0.927083
0.927083
0.927083
0.927083
---100000
0 seconds 881 milliseconds
dir: 180.000000, type: 2
dir: -135.000000, type: 0
dir: -90.000000, type: 0
dir: -45.000000, type: 0
0.927083
0.927083
0.927083
0.927083
0.927083
0.927083
0.927083
0.927083
0.927083
0.927083
0.927083
0.927083
0.927083
0.927083
0.927083
0.927083
0.927083
0.927083
0.802083
0.154514
---1000000
8 seconds 655 milliseconds
dir: 180.000000, type: 2
dir: -135.000000, type: 0
dir: -90.000000, type: 0
dir: -45.000000, type: 0
0.927083
0.927083
0.927083
0.927083
0.927083
0.927083
0.927083
0.927083
0.927083
0.927083
0.927083
0.927083
0.927083
0.927083
0.927083
0.927083
0.927083
0.822917
0.802083
0.802083
